26;010100001;2;Без;0;0;0
26;010100001;2;101;0;0;0
26;010100001;2;102;0;0;0
26;010100001;4;Без;5;3;2
26;010100001;4;101;1;1;0
26;010100001;4;102;1;1;0
26;010100001;4;103;0;0;0
26;010100001;4;104;0;0;0
26;010100001;4;105;3;2;1
26;010100001;4;106;0;0;0
26;010100001;4;107;0;0;0
26;010100001;4;108;1;1;0
26;010100001;4;109;0;0;0
26;010100001;4;110;0;0;0
26;010100001;4;111;0;0;0
26;010100001;4;112;0;0;0
26;010100001;5;Без;0;0;0
26;010100001;5;101;0;0;0
26;010100001;5;102;0;0;0
26;010100001;5;103;0;0;0
26;010100001;5;104;0;0;0
26;010100001;5;105;0;0;0
26;010100001;6;Без;1;0;1
26;010100001;6;101;0;0;0
26;010100001;7;Без;8;1;7
26;010100001;7;101;1;0;1
26;010100001;7;102;2;0;2
26;010100001;7;103;1;1;0
26;010100001;7;104;1;1;0
26;010100001;7;105;0;0;0
26;010100001;7;106;1;0;1
26;010100001;7;107;1;1;0
26;010100001;7;108;0;0;0
26;010100001;7;109;0;0;0
26;010100001;7;110;0;0;0
26;010100001;7;111;2;1;1
26;010100001;8;Без;0;0;0
26;010100001;8;101;0;0;0
26;010100001;8;102;0;0;0
26;010100001;8;103;0;0;0
26;010100001;8;104;0;0;0
26;010100001;8;105;0;0;0
26;010100001;8;106;0;0;0
26;010100001;8;107;0;0;0
26;010100001;8;108;0;0;0
26;010100001;8;109;0;0;0
26;010100001;8;110;0;0;0
26;010100001;8;111;0;0;0
26;010100001;8;112;0;0;0
26;010100001;8;113;1;1;0
26;010100001;8;114;0;0;0
26;010100001;8;115;0;0;0
26;010100001;8;116;0;0;0
26;010100001;8;117;0;0;0
26;010100001;8;118;0;0;0
26;010100001;8;119;0;0;0
26;010100001;8;120;0;0;0
26;010100001;8;121;0;0;0
26;010100001;8;122;0;0;0
26;010100001;9;Без;0;0;0
26;010100001;9;101;0;0;0
26;010100001;10;Без;0;0;0
26;010100001;10;101;0;0;0
26;010100001;10;102;1;0;1
26;010100001;10;103;0;0;0
26;010100001;11;Без;0;0;0
26;010100001;11;101;0;0;0
26;010100001;11;102;0;0;0
26;010100001;11;103;0;0;0
26;010100001;11;104;0;0;0
26;010100001;11;105;0;0;0
26;010100001;12;Без;28;9;19
26;010100001;12;101;9;6;3
26;010100001;12;102;2;2;0
26;010100001;12;103;0;0;0
26;010100001;12;104;2;1;1
26;010100001;12;105;0;0;0
26;010100001;12;106;0;0;0
26;010100001;12;107;0;0;0
26;010100001;12;108;0;0;0
26;010100001;12;109;0;0;0
26;010100001;12;110;0;0;0
26;010100001;12;111;1;1;0
26;010100001;12;112;3;3;0
26;010100001;12;113;0;0;0
26;010100001;12;114;1;0;1
26;010100001;13;Без;0;0;0
26;010100001;13;101;0;0;0
26;010100001;13;102;0;0;0
26;010100001;13;103;0;0;0
26;010100001;13;104;0;0;0
26;010100001;13;105;0;0;0
26;010100001;13;106;0;0;0
26;010100001;13;107;0;0;0
26;010100001;13;108;0;0;0
26;010100001;13;109;0;0;0
26;010100001;13;110;0;0;0
26;010100001;13;111;0;0;0
26;010100001;13;112;0;0;0
26;010100001;13;113;0;0;0
26;010100001;13;114;0;0;0
26;010100001;14;Без;1;0;1
26;010100001;14;101;0;0;0
26;010100001;14;102;0;0;0
26;010100001;14;103;0;0;0
26;010100001;14;104;0;0;0
26;010100001;14;105;0;0;0
26;010100001;14;106;0;0;0
26;010100001;14;107;0;0;0
26;010100001;14;108;0;0;0
26;010100001;14;109;0;0;0
26;010100001;14;110;0;0;0
26;010100001;14;111;0;0;0
26;010100001;15;Без;0;0;0
26;010100001;15;101;0;0;0
26;010100001;15;102;0;0;0
26;010100001;15;103;0;0;0
26;010100001;15;104;0;0;0
26;010100001;15;105;0;0;0
26;010100001;15;106;0;0;0
26;010100001;16;Без;0;0;0
26;010100001;16;101;0;0;0
26;010100001;16;102;0;0;0
26;010100001;16;103;0;0;0
26;010100001;16;104;0;0;0
26;010100001;16;105;0;0;0
26;010100001;16;106;0;0;0
26;010100001;16;107;0;0;0
26;010100001;16;108;0;0;0
26;010100001;16;109;0;0;0
26;010100001;17;Без;6;0;6
26;010100001;17;101;1;0;1
26;010100001;17;102;0;0;0
26;010100001;17;103;0;0;0
26;010100001;17;104;0;0;0
26;010100001;17;105;1;0;1
26;010100001;17;106;0;0;0
26;010100001;17;107;0;0;0
26;010100001;17;108;0;0;0
26;010100001;17;109;1;0;1
26;010100001;17;110;1;0;1
26;010100001;18;Без;11;7;4
26;010100001;18;101;3;1;2
26;010100001;18;102;3;1;2
26;010100001;18;103;1;0;1
26;010100001;18;104;5;4;1
26;010100001;18;105;21;13;8
26;010100001;18;106;0;0;0
26;010100001;18;107;68;42;26
26;010100001;18;108;1;1;0
26;010100001;18;109;0;0;0
26;010100001;18;110;0;0;0
26;010100001;18;111;1;0;1
26;010100001;18;112;0;0;0
26;010100001;18;113;0;0;0
26;010100001;18;114;0;0;0
26;010100001;18;115;0;0;0
26;010100001;18;116;0;0;0
26;010100001;18;117;0;0;0
26;010100001;18;118;1;1;0
26;010100001;18;119;0;0;0
26;010100001;18;120;0;0;0
26;010100001;18;121;0;0;0
26;010100001;18;122;2;2;0
26;010100001;19;Без;1;0;1
26;010100001;19;101;0;0;0
26;010100001;19;102;0;0;0
26;010100001;19;103;0;0;0
26;010100001;19;104;0;0;0
26;010100001;20;Без;0;0;0
26;010100001;20;101;0;0;0
26;010100001;20;102;0;0;0
26;010100001;21;Без;1;1;0
26;010100001;21;101;0;0;0
26;010100001;21;102;0;0;0
26;010100001;21;103;0;0;0
26;010100001;22;Без;1;1;0
26;010100001;22;101;0;0;0
26;010100001;22;102;0;0;0
26;010100001;22;103;0;0;0
26;010100001;22;104;0;0;0
26;010100001;22;105;0;0;0
26;010100001;22;106;0;0;0
26;010100001;22;107;0;0;0
26;010100001;23;Без;0;0;0
26;010100001;23;101;0;0;0
26;010100001;24;Без;0;0;0
26;010100001;24;101;0;0;0
26;010100001;24;102;0;0;0
26;010100001;24;103;0;0;0
26;010100001;25;Без;1;0;1
26;010100001;25;101;0;0;0
26;010100001;25;102;1;0;1
26;010100001;25;103;0;0;0
26;010100001;25;104;0;0;0
26;010100001;25;105;0;0;0
26;010100001;25;106;0;0;0
26;010100001;25;107;0;0;0
26;010100001;25;108;0;0;0
26;010100001;26;Без;24;9;15
26;010100001;26;101;6;1;5
26;010100001;26;102;0;0;0
26;010100001;26;103;0;0;0
26;010100001;26;104;3;2;1
26;010100001;26;105;0;0;0
26;010100001;26;106;0;0;0
26;010100001;26;107;1;0;1
26;010100001;26;108;0;0;0
26;010100001;26;109;0;0;0
26;010100001;26;110;0;0;0
26;010100001;26;111;0;0;0
26;010100001;26;112;0;0;0
26;010100001;26;113;0;0;0
26;010100001;26;114;0;0;0
26;010100001;26;115;0;0;0
26;010100001;26;116;0;0;0
26;010100001;26;117;0;0;0
26;010100001;26;118;0;0;0
26;010100001;26;119;1;0;1
26;010100001;26;120;0;0;0
26;010100001;26;121;0;0;0
26;010100001;26;122;10;2;8
26;010100001;27;Без;0;0;0
26;010100001;27;101;0;0;0
26;010100001;28;Без;7;4;3
26;010100001;28;101;7;2;5
26;010100001;28;102;10;7;3
26;010100001;28;103;0;0;0
26;010100001;28;104;0;0;0
26;010100001;28;105;1;1;0
26;010100001;28;106;1;1;0
26;010100001;28;107;2;1;1
26;010100001;28;108;0;0;0
26;010100001;28;109;0;0;0
26;010100001;28;110;0;0;0
26;010100001;28;111;1;0;1
26;010100001;28;112;0;0;0
26;010100001;28;113;0;0;0
26;010100001;28;114;0;0;0
26;010100001;28;115;0;0;0
26;010100001;28;116;1;1;0
26;010100001;28;117;0;0;0
26;010100001;28;118;0;0;0
26;010100001;28;119;0;0;0
26;010100001;28;120;0;0;0
26;010100001;28;121;0;0;0
26;010100001;28;122;3;1;2