26;010100001;1;|0110151|0110151|0110151|0110151|0110151|0110151|0110151|0110151|0110151|0110151|0110151|0110151|0110151|0110151;;;600;625;4;310;445;1;154;6;6;142;156;10;116
26;010100002;1;|0110149|0110149|0110149|0110149|0110149|0110149|0110149|0110149|0110149|0110149|0110149|0110149|0110149|0110149;;;500;545;1;183;365;1;134;2;4;125;149;8;141
26;020400183;2;|0210275|0210275|0210275|0210275|0210275|0210275|0210275|0210275|0210275|0210275|0210275|0210275|0210275|0210275|0210275|0210275|0210275|0210275|0210275;;;500;477;15;164;379;1;120;5;1;114;44;0;43
26;030603396;3;|0310362|0310362|0310362|0310362|0310362|0310362|0310362|0310362|0310362|0310362|0310362|0310362|0310362|0310362|0310362|0310362|0310362|0310362|0310362;;;500;508;9;181;426215;3;82;3;3;46;0;0;94
26;040600010;4;|0410138|0410138|0410138|0410138|0410138|0410138|0410138|0410138|0410138|0410138|0410138|0410138|0410138|0410138;;;500;660;3;249;348;1;151;1;9;141;2;;94
26;050900094;5;|0510081|0510081|0510081|0510081|0510081|0510081|0510081|0510081|0510081|0510081|0510081|0510081;;;400;389;2;155;289;1;110;1;3;0;45;4;41
26;061000079;6;|0610079|0610079|0610079|0610079|0610079|0610079|0610079|0610079|0610079|0610079|0610079|0610079|0610079|0610079|0610079;;;400;816;5;302;97;1;302;7;5;290;0;0;0
26;080300001;8;|0810202|0810202|0810202|0810202|0810202|0810202|0810202|0810202|0810202|0810202|0810202|0810202|0810202;;;1000;1100;14;390;802;3;195;6;4;185;0;0;190
26;080300002;8;|0810201|0810201|0810201|0810201|0810201|0810201|0810201|0810201|0810201|0810201|0810201|0810201;;;600;637;6;162;516;2;82;0;3;79;0;0;78
26;080300003;8;|0810200|0810200|0810200|0810200|0810200|0810200|0810200|0810200|0810200|0810200|0810200|0810200;;;1000;1125;6;145;882;1;117;11;0;106;28;0;28
26;080300004;8;|0810199|0810199|0810199|0810199|0810199|0810199|0810199|0810199|0810199|0810199|0810199|0810199;;;600;653;5;169;513;1;86;4;1;81;3;2;81
26;080300005;8;|0810198|0810198|0810198|0810198|0810198|0810198|0810198|0810198|0810198|0810198|0810198|0810198;;;500;560;0;118;434;1;65;3;0;62;53;5;48
26;080300006;8;|0810197|0810197|0810197|0810197|0810197|0810197|0810197|0810197|0810197|0810197|0810197|0810197;;;700;782;6;263;594;1;105;3;4;98;158;5;153
26;080300007;8;|0810196|0810196|0810196|0810196|0810196|0810196|0810196|0810196|0810196|0810196|0810196|0810196;;;1000;1112;6;204;866;1;133;4;4;125;71;3;68
26;080300008;8;|0810195|0810195|0810195|0810195|0810195|0810195|0810195|0810195|0810195|0810195|0810195|0810195;;;500;593;5;182;430;1;69;0;2;67;0;0;102
26;080300009;8;|0810194|0810194|0810194|0810194|0810194|0810194|0810194|0810194|0810194|0810194|0810194|0810194;;;600;21;4;144;529;1;70;0;1;69;0;0;73
26;080300010;8;|0810193|0810193|0810193|0810193|0810193|0810193|0810193|0810193|0810193|0810193|0810193|0810193;;;500;600;6;146;411;1;88;5;3;80;88;1;87
26;080300011;8;|0810192|0810192|0810192|0810192|0810192|0810192|0810192|0810192|0810192|0810192|0810192|0810192;;;600;609;6;133;484;1;115;3;2;110;118;5;113
26;080300012;8;|0810191|0810191|0810191|0810191|0810191|0810191|0810191|0810191|0810191|0810191|0810191|0810191|0810191;;;300;800;5;214;693;1;106;1;3;2;108;;100
26;080300013;8;|0810190|0810190|0810190|0810190|0810190|0810190|0810190|0810190|0810190|0810190|0810190|0810190;;;800;914;8;266;644;0;155;0;5;119;0;0;105
26;080300014;8;|0810184|0810184|0810184|0810184|0810184|0810184|0810184|0810184|0810184|0810184|0810184|0810184|0810184;;;500;519;2;189;420;0;79;0;2;76;0;0;104
24;080300015;8;|0800071|0800071|0800071|0800071|0800071|0800071|0800071;;;100;18;14;26;73;1;26;1;0;0;;;
24;080300016;8;|0800072|0800072|0800072|0800072|0800072|0800072|0800072;;;300;265;5;130;169;1;130;11;5;111;;;
24;080300017;8;|0800073|0800073|0800073|0800073|0800073|0800073|0800073;;;200;117;3;44;155;2;44;0;0;44;;;
26;080300018;8;|0810183|0810183|0810183|0810183|0810183|0810183|0810183|0810183|0810183|0810183|0810183|0810183;;;400;428;3;161;261;2;137;3;1;133;24;0;24
24;080300019;8;|0800074|0800074|0800074|0800074|0800074|0800074|0800074;;;300;213;4;83;216;1;83;1;1;81;;;
24;080300020;8;|0800075|0800075|0800075|0800075|0800075|0800075|0800075;;;200;113;4;48;151;1;48;0;0;42;;;
24;080300021;8;|0800076|0800076|0800076|0800076|0800076|0800076|0800076;;;200;150;6;62;137;1;62;1;2;59;;;
26;080300022;8;|0810182|0810182|0810182|0810182|0810182|0810182|0810182|0810182|0810182|0810182|0810182|0810182;;;600;642;7;321;385;2;213;4;3;206;0;0;104
24;080300023;8;|0800077|0800077|0800077|0800077|0800077|0800077|0800077;;;200;105;7;63;136;0;63;3;0;0;;;
26;080300024;8;|0810181|0810181|0810181|0810181|0810181|0810181|0810181|0810181|0810181|0810181|0810181|0810181;;;400;385;7;136;263;1;136;3;1;132;0;0;0
24;080300025;8;|0800078|0800078|0800078|0800078|0800078|0800078|0800078;;;200;105;4;52;142;1;52;0;4;0;;;
26;080300026;8;|0810189|0810189|0810189|0810189|0810189|0810189|0810189|0810189|0810189|0810189|0810189|0810189;;;600;767;7;251;431;1;168;2;2;164;83;2;81
26;080300027;8;|0810188|0810188|0810188|0810188|0810188|0810188|0810188|0810188|0810188|0810188|0810188|0810188;;;800;1056;4;349;479;1;320;18;3;299;29;3;26
24;080300028;8;|0800086|0800086|0800086|0800086|0800086|0800086|0800086;;;300;157;5;89;110;1;89;2;2;85;;;
24;080300029;8;|0800085|0800085|0800085|0800085|0800085|0800085|0800085;;;200;0;0;0;0;0;0;0;0;50;;;
26;080300030;8;|0810187|0810187|0810187|0810187|0810187|0810187|0810187|0810187|0810187|0810187|0810187|0810187;;;500;492;7;153;345;1;153;4;4;145;0;0;0
24;080300031;8;|0800081|0800081|0800081|0800081|0800081|0800081|0800081;;;100;33;14;30;69;1;30;2;5;23;;;
26;080300032;8;|0810186|0810186|0810186|0810186|0810186|0810186|0810186|0810186|0810186|0810186|0810186|0810186;;;600;795;5;314;341340;1;259;5;3;251;5;;57
26;080300033;8;|0810185|0810185|0810185|0810185|0810185|0810185|0810185|0810185|0810185|0810185|0810185|0810185;;;400;354;5;154;245;1;154;5;1;148;0;0;0
24;080300034;8;|0800084|0800084|0800084|0800084|0800084|0800084|0800084;;;100;62;6;42;57;1;42;3;0;0;;;
24;080300035;8;|0800083|0800083|0800083|0800083|0800083|0800083|0800083;;;100;35;6;19;80;1;19;3;0;16;;;
24;080300036;8;|0800082|0800082|0800082|0800082|0800082|0800082|0800082;;;300;240;4;134;165;1;134;4;3;127;;;
26;091400018;9;|0910104|0910104|0910104|0910104|0910104|0910104|0910104|0910104|0910104|0910104|0910104|0910104;;;400;1064;1;288;181;2;217;14;1;202;70;2;68
26;104800071;10;|1010141|1010141|1010141|1010141|1010141|1010141|1010141|1010141|1010141|1010141|1010141|1010141;;;400;357;0;116;321;1;78;2;3;73;38;3;35
26;111800001;11;|1110001|1110001|1110001|1110001|1110001|1110001|1110001|1110001|1110001|1110001|1110001|1110001;;;500;695;9;205;356;1;143;3;2;138;62;2;60
24;121400011;12;|1200062|1200062|1200062|1200062|1200062|1200062|1200062;;;200;149;7;97;102;1;97;2;0;95;;;
26;151000027;15;|1510057|1510057|1510057|1510057|1510057|1510057|1510057|1510057|1510057|1510057|1510057|1510057|1510057|1510057;;;500;570;2;198;33;1;160;6;4;150;38;0;38
26;162202040;16;|1610140|1610140|1610140|1610140|1610140|1610140|1610140|1610140|1610140|1610140|1610140|1610140|1610140|1610140|1610140|1610140|1610140;;;800;772;14;160;639;1;160;25;2;133;0;0;0
26;162202047;16;|1610147|1610147|1610147|1610147|1610147|1610147|1610147|1610147|1610147|1610147|1610147|1610147|1610147|1610147|1610147|1610147|1610147;;;600;602;6;67;538;1;65;8;1;;2;0;2
